$ANSIBLE_VAULT;1.1;AES256
65326262313735666237326635653863376638313938383134383763663534356632613934383436
6238363230313963363962393030653435626337373462660a633136376231346365663832646662
64323334383937303063316539343931333538666133396462323034323231393961393331356161
3332353638653535340a306334393031626533393062336462313537353233303162373764646664
39313533333730386637333634366536396134383063376635626133626132646134336339656230
32633563386265373030323764633865643637326538613235303564636662383336326563356134
35613230656261366566383835393933646132353730356165383364663134336366333531383832
31643462393462653465333231343833643739306361663930386662313733636163666465323165
31623630633961343761663361613934383730366662343038373036666635653533316430616263
38306235663861393330396665333566613032653038326231333734346461353965333534333830
32373238643735313263393339396438656632353030333066636336356164353466363734393066
66626165353433643633366432363432366433373333326532323536363266626335346336303533
64383133646238356333396432353766323736373664666435363832363263316662336233336533
36353139633237343730346437306433633632346634393133316438643830643138646662653439
36346565383639333961326663636238306639316565646232643366346262653963613165656130
38373138383433313338373935316365663935393637353562353132643339646632363834656535
31356336623164616463326664333262336364343432343836333464656261323161376664346134
31323639303666363163363562393133346439353839643463633966363137656536306262333737
34306562353765396635323163653164613731633437613366626366373633393231633866336365
32303336356235346435313832386532636538346261306239343834623035386365333033363930
66663566383564323462313532356362663561613834616430393239333966383336356635653939
31633939653237333761316138313238316561616662653137333338643435343730393335633261
38363738346233323366303037353738633666376237376132383061356661656539353665383562
61303133363039333634646638336662623463393963363264613864613034623562316337396334
34353132646337653235626635363837396138356538643330646565323565646637333235326132
31623438333930373137623632366433643661393765326661646663323136656139333030366138
64623263633834313063646365656339303964636533353333363438366363636339333564636565
38373364366530363932633263313036653535663361653236353035626434313337663036356563
62376562653634343939353039336266303934393430303961636438326335366135616330636664
64343762393864643735636365343663386665356566353466653930323963363930303630666466
33666462343034353238356337306165653766303238373638313464623439386333616531633464
38353434616538353037393234656263363565643238623265313664656166313930383238353736
34666437333635363634326130633862303265386137626536386530303639653735656365336233
35313636346335306436303364666235323131613037323135643136343230346365623566366632
37353036313937646266383638663565303665333765373262616262336134343362363832623630
31666330316635336165656565306132313739303365613033613531653136393839346365326665
34666130666635336261656564326334363964393037366262336636643535356262303534666636
66373830646233623265353031333864623932353731303032313061633434356431633064326635
66343264303931373738343132643935316537653235396538333863626663626332613338663464
36623531383264383634383035633531373764383630653639363436643934623737336239623736
30356134393335626539326333363533313531356131613538386134623266666565366637323262
38303862333936303439633238373130666633633262343131656636303231613862323561323661
31396463396261643933333635396462333165623639306362363633613934343465623334383231
64656234663839383934396534333165646439356132653339613039353666313630396436376435
65363434323536623365633535353238653164343631336339383164313062336464363964323130
64376538633465393361633937623735323535663637346163326431373531353965353733386461
30636138643833333530396465336337323264303131633834613437343634643465643839356362
61376231386130303036656461623365333564306433353038333335643434646566643337383932
63343531653865306364343131316565396665376330336134376538356135326566636661333363
38613934653030636439336466353539363861623766366230633561663033653236373661613365
34633966393865633064343062613435613364323939636638376563656431313637643365353433
30393964393433363561626531363838373136343365613439333063656661306166333338666338
35656238346161323637353864353762623265623934313464353134303531326237303137373830
65333363353834633336326337303836646536656364356665373534323962623962616665386337
35653932303839373935343531633930663763303539363437333833323065383938663531616236
38633434343765353062396237613963383630386461363663373764396133643564313539653562
63386662613034383230356336613637623630386331623166633535663963353531623031303032
39303963396465643935623066653161666638346634613235316632386338373366653365373365
66303661623535386133636263636433366630326537343763666162666164313836333433616338
35393764636230326436383863313363643337353031323136313063376133636539323731646238
33303937303963656462333864643437633336353738656661363137636265653662616330383834
61353330646638626166346331346337393939343463623565306562333339623833623735626665
63653166653136306134613339316236376534346361313936633038386334363331373432343134
35656333303063323434653531623766363832616635636638373235633136323536663963333564
62373234363764363961373562376339333866636661333462363165646331356339376665323232
30653039343339363735346335333737653331396634333530646164613261623936383266336533
31636434613839623333633031376439393230346464343861653531653065373466353135663264
31613736616461393764346532663634633032323362393235393232643330303265303566373631
31356532376137653565616231616364376435336263353764393262323738373237313062626166
3861363234346639633834383039383462363165353864373162
